index x y z nwat occupancy Esw EswLJ EswElec Eww EwwLJ EwwElec Etot Ewwnbr TSsw_trans TSsw_orient TStot Nnbrs Nhbww Nhbsw Nhbtot f_hb_ww f_enc Acc_ww Don_ww Acc_sw Don_sw solute_acceptors solute_donors
0 -25.92 -6.67 -18.90 38116 0.95 -8.492757 0.480781 -8.973538 -1.859500 0.349033 -2.208533 -10.352257 -0.893767 -2.754277 -1.995040 -4.749317 1.563963 0.924179 1.928665 2.852844 0.418118 nan 0.117772 0.806407 0.881441 1.047224 ASP91-OD1,ASP91-OD2,TYR95-OH TYR95-OH
1 -22.42 -0.76 -19.96 36549 0.91 -7.801223 -0.105401 -7.695822 -0.136201 -0.066292 -0.069909 -7.937424 -1.298060 -2.994284 -2.352006 -5.346289 0.068319 0.028154 2.212947 2.241101 0.025637 nan 0.025254 0.002900 0.267668 1.945279 GLY9-O,THR57-OG1,THR57-O,TYR95-OH GLY9-N
2 -28.41 1.70 -22.56 36297 0.91 -9.740643 0.627464 -10.368106 -0.557010 0.219895 -0.776904 -10.297653 -0.932767 -2.860786 -2.045894 -4.906680 1.404358 0.715321 2.202303 2.917624 0.417252 nan 0.645425 0.069896 0.225032 1.977271 ASP11-OD1,ASP11-OD2,PRO33-O,GLY59-O THR34-OG1,GLY59-N
3 -22.95 0.32 -26.21 35008 0.88 -10.176843 0.994160 -11.171002 -0.727769 0.146590 -0.874359 -10.904611 -0.759112 -2.777037 -1.977083 -4.754120 1.160535 0.524680 2.617516 3.142196 0.343636 nan 0.379170 0.145510 0.872743 1.744773 GLU36-OE1,GLU36-OE2,ALA58-O,GLY59-O,GLN60-OE1,GLN60-O,GLU62-OE1,GLU62-OE2 GLN60-NE2,GLU62-N,ARG67-NE,ARG67-NH1,ARG67-NH2
4 -26.27 1.40 -19.30 34891 0.87 -9.865341 0.982596 -10.847938 0.364719 -0.080478 0.445197 -9.500622 -0.037035 -2.729881 -1.826943 -4.556824 1.171362 0.221748 2.022183 2.243931 0.140351 nan 0.028489 0.193259 0.895016 1.127167 GLY9-O,ALA10-O,ASP11-OD1,PRO33-O,THR57-O LYS15-NZ
5 -28.55 -7.56 -16.97 30284 0.76 -7.140999 0.111712 -7.252711 -3.619679 1.062933 -4.682613 -10.760678 -1.139919 -2.343199 -1.406608 -3.749807 3.398857 1.957073 0.983754 2.940827 0.169165 nan 1.184718 0.772355 0.046394 0.937360 LYS87-O,ASP91-OD1,ASP91-OD2 LYS87-NZ
6 -14.76 -6.28 -30.73 28615 0.72 -4.724607 -0.491067 -4.233539 -4.717389 0.834196 -5.551585 -9.441996 -1.481221 -2.298068 -1.232493 -3.530561 2.392067 1.711480 1.153905 2.865385 0.481740 nan 0.995702 0.715778 0.041971 1.111934 TYR63-O,SER64-O,ASP68-OD1,ASP68-OD2 SER64-N,ARG101-NH1,ARG101-NH2
7 -24.08 -12.84 -18.50 27256 0.68 -6.376342 0.257159 -6.633501 -5.050693 1.254948 -6.305641 -11.427035 -1.356992 -2.399482 -1.454691 -3.854173 3.212320 2.257778 1.049457 3.307235 0.372065 nan 1.468301 0.789478 0.003119 1.046338 GLU90-OE1,GLU90-OE2,GLU90-O,ASP91-OD1 LYS87-NZ
8 -28.01 -6.74 -25.30 25021 0.63 -6.374444 0.175248 -6.549691 -5.136915 1.187076 -6.323990 -11.511358 -1.412370 -2.472129 -1.357557 -3.829686 3.497262 2.401942 0.962591 3.364534 0.313137 nan 1.537508 0.864434 0.000080 0.962511 GLN60-OE1,GLU61-OE1,GLU61-OE2 GLN60-NE2
9 -23.05 -10.80 -26.43 24895 0.62 -5.839001 0.177708 -6.016709 -5.595686 1.176664 -6.772349 -11.434686 -1.461454 -2.451245 -1.251811 -3.703056 3.296726 2.309701 1.015425 3.325126 0.366660 nan 1.470576 0.839124 0.015867 0.999558 GLU61-OE1,GLU61-OE2,TYR63-OH TYR63-OH
10 -21.92 -13.38 -17.14 23827 0.60 -5.381775 -0.294671 -5.087105 -4.816827 1.236042 -6.052869 -10.198603 -1.503976 -2.237153 -1.481050 -3.718203 2.827968 2.143451 1.139883 3.283334 0.498762 nan 1.250388 0.893062 0.164687 0.975196 GLU90-OE1,GLU90-OE2,GLU90-O,ASP91-OD1,ASP91-O,HIS93-ND1 HIS94-N
11 -28.81 -4.63 -19.20 23250 0.58 -2.738083 -0.583570 -2.154513 -6.852489 1.208213 -8.060702 -9.590573 -1.438498 -2.474152 -0.866078 -3.340230 3.524172 2.500602 0.841591 3.342194 0.343828 nan 0.829290 1.671312 0.792129 0.049462 ASP11-OD1,ASP11-OD2,ASP11-O ASP11-N,LYS87-NZ
12 -28.55 -3.80 -25.88 21505 0.54 -3.199789 -0.549702 -2.650087 -6.681773 1.183223 -7.864996 -9.881563 -1.441493 -2.444272 -0.814297 -3.258569 3.416554 2.348617 0.718159 3.066775 0.330016 nan 0.716717 1.631900 0.572053 0.146106 GLY59-O,GLN60-OE1 GLN60-NE2,GLU61-N
13 -29.62 -1.24 -24.08 19654 0.49 -6.308412 -0.188539 -6.119873 -3.983816 1.054602 -5.038417 -10.292228 -1.048908 -2.298623 -0.887762 -3.186385 3.781520 2.092704 0.942098 3.034802 0.153099 nan 1.281419 0.811285 0.000865 0.941233 ASP11-OD1,ASP11-OD2,GLY59-O,GLN60-OE1 GLN60-NE2
14 -29.90 1.17 -25.03 17968 0.45 -2.537197 -0.894521 -1.642676 -7.263892 1.822234 -9.086126 -9.801089 -1.709277 -1.669601 -0.872616 -2.542217 3.774878 2.948464 0.068566 3.017030 0.427315 nan 1.261354 1.687110 0.011131 0.057435 ASP11-OD2,PRO33-O,THR34-OG1,GLY59-O,GLN60-OE1 THR34-OG1,GLN60-NE2
15 -28.70 -5.55 -22.76 17947 0.45 -2.019658 -0.790200 -1.229458 -7.779200 1.677394 -9.456594 -9.798858 -1.566163 -2.195161 -0.832448 -3.027609 4.070430 2.972530 0.000836 2.973366 0.323007 nan 1.190951 1.781579 0.000000 0.000836 ASP11-OD2 
16 -28.18 -10.21 -18.91 16384 0.41 -10.000314 0.418847 -10.419161 -1.163434 0.860279 -2.023712 -11.163747 -0.866599 -1.778005 -1.427421 -3.205426 3.384583 1.933167 1.228271 3.161438 0.188660 nan 1.142639 0.790527 0.110596 1.117676 ASP91-OD1,ASP91-OD2 LYS87-NZ
17 -28.25 -6.27 -20.10 16433 0.41 -1.209872 -0.883769 -0.326103 -9.310615 2.195241 -11.505856 -10.520487 -1.687263 -2.232783 -0.949205 -3.181988 4.380332 3.443863 0.011258 3.455121 0.388547 nan 1.621432 1.822430 0.010406 0.000852 ASP11-OD2,ASP91-OD2 LYS87-NZ
18 -30.26 -3.71 -21.78 15838 0.40 -6.161939 0.326204 -6.488143 -4.734865 1.200078 -5.934942 -10.896803 -1.157336 -2.093906 -0.931576 -3.025482 4.314244 2.561435 0.884645 3.446079 0.158606 nan 1.628930 0.932504 0.000000 0.884645 ASP11-OD1,ASP11-OD2 
19 -21.35 -13.27 -22.55 14806 0.37 -3.148268 -0.174077 -2.974191 -6.406314 1.158555 -7.564869 -9.554583 -1.437865 -2.016605 -0.773760 -2.790365 3.688234 2.416385 0.777523 3.193908 0.267932 nan 1.459814 0.956572 0.000000 0.777523 HIS94-ND1 
20 -27.02 -12.77 -20.26 14311 0.36 -4.682645 -0.073845 -4.608800 -5.298564 1.049065 -6.347629 -9.981208 -1.180928 -2.286183 -0.546824 -2.833007 3.838656 2.357278 0.609391 2.966669 0.212564 nan 0.812941 1.544337 0.438963 0.170428 GLU90-OE2,ASP91-OD1,ASP91-OD2 LYS87-NZ
21 -26.82 -9.55 -27.61 14789 0.37 -5.812853 0.532540 -6.345393 -5.467333 1.147197 -6.614529 -11.280186 -1.182253 -2.149539 -1.087773 -3.237312 4.124349 2.515789 0.983231 3.499020 0.186152 nan 1.642707 0.873081 0.000000 0.983231 GLU61-OE1,GLU61-OE2 
22 -28.65 -4.29 -27.75 13710 0.34 -2.876093 -0.265038 -2.611055 -7.180288 1.192955 -8.373243 -10.056381 -1.410184 -1.610439 -0.625588 -2.236027 3.677462 2.471918 1.090737 3.562655 0.287819 nan 0.952006 1.519912 0.899927 0.190810 GLN60-OE1,GLU61-O GLN60-NE2,GLU61-N
23 -27.15 -12.13 -16.35 13245 0.33 -8.801379 0.558797 -9.360175 -1.915254 0.687689 -2.602943 -10.716632 -0.834132 -1.901625 -1.730025 -3.631650 2.804077 1.473990 1.655946 3.129936 0.190336 nan 1.359532 0.114458 0.005134 1.650812 LYS87-O,GLU90-OE1,GLU90-OE2,ASP91-OD1,ASP91-OD2 LYS87-NZ
24 -22.90 -14.15 -20.61 12028 0.30 -1.533013 -0.476972 -1.056041 -8.088979 1.669131 -9.758110 -9.621991 -1.453244 -1.820533 -0.531819 -2.352352 4.686482 3.182491 0.001497 3.183987 0.216578 nan 1.473479 1.709012 0.000000 0.001497 HIS94-ND1 
