index x y z nwat occupancy Esw EswLJ EswElec Eww EwwLJ EwwElec Etot Ewwnbr TSsw_trans TSsw_orient TStot Nnbrs Nhbww Nhbsw Nhbtot f_hb_ww f_enc Acc_ww Don_ww Acc_sw Don_sw solute_acceptors solute_donors
0 -25.74 -6.88 -18.76 38828 0.97 -8.433591 0.456079 -8.889670 -2.167697 0.360962 -2.528659 -10.601288 -0.880147 -2.870945 -2.256089 -5.127034 1.552127 0.937159 1.941460 2.878619 0.420933 nan 0.071881 0.865278 0.907979 1.033481 ASP91-OD1,ASP91-OD2,TYR95-OH TYR95-OH
1 -26.29 1.10 -19.38 38288 0.96 -9.980717 0.729808 -10.710525 -0.289075 0.107258 -0.396333 -10.269792 -0.238497 -2.769445 -1.712931 -4.482376 1.702674 0.402972 1.936194 2.339166 0.130589 nan 0.117191 0.285781 0.919348 1.016846 GLY9-O,ALA10-O,ASP11-OD1,THR57-O LYS15-NZ
2 -22.70 -0.51 -20.17 35233 0.88 -7.324492 -0.572737 -6.751754 -0.536748 -0.036465 -0.500283 -7.861240 -1.552881 -2.870749 -2.128323 -4.999072 0.253314 0.130389 1.879743 2.010133 0.114353 nan 0.099764 0.030625 0.027616 1.852127 GLY9-O,THR57-OG1,THR57-O,ALA58-O,TYR95-OH GLY9-N,TYR95-OH
3 -23.09 0.09 -26.60 32334 0.81 -8.177398 0.523926 -8.701325 -1.939374 0.277314 -2.216688 -10.116772 -1.167193 -2.545158 -1.455312 -4.000470 1.303860 0.739593 2.142420 2.882013 0.430228 nan 0.327550 0.412043 0.789293 1.353127 ALA58-O,GLY59-O,GLN60-OE1,GLN60-O,GLU62-OE1,GLU62-OE2 GLN60-NE2,ARG67-NE,ARG67-NH1,ARG67-NH2
4 -28.03 1.46 -22.45 31987 0.80 -10.161348 0.590125 -10.751472 -0.350950 0.167813 -0.518763 -10.512298 -0.703304 -2.871745 -2.006509 -4.878254 1.693813 0.651140 2.231407 2.882546 0.276018 nan 0.534530 0.116610 0.366368 1.865039 ASP11-OD1,ASP11-OD2,PRO33-O,GLY59-O GLY59-N
5 -28.25 -5.45 -19.16 31222 0.78 -2.819812 -0.798225 -2.021587 -7.373940 1.505382 -8.879321 -10.193752 -1.603594 -2.591594 -1.201225 -3.792819 3.668183 2.818878 0.629556 3.448434 0.404747 nan 1.041509 1.777369 0.627987 0.001569 ASP11-OD2 ASP11-N,LYS87-NZ
6 -23.70 -12.94 -18.20 29568 0.74 -5.904417 0.236638 -6.141055 -5.665732 1.285748 -6.951479 -11.570148 -1.505406 -2.485746 -1.540351 -4.026097 3.078666 2.279119 1.045387 3.324506 0.445617 nan 1.465672 0.813447 0.003281 1.042106 GLU90-OE1,GLU90-OE2,GLU90-O,ASP91-OD1 LYS87-NZ
7 -28.34 -7.81 -16.92 27637 0.69 -6.189391 0.224988 -6.414379 -4.870475 1.251762 -6.122237 -11.059866 -1.251660 -2.293033 -1.500887 -3.793920 3.712523 2.126497 1.013750 3.140247 0.134494 nan 1.285234 0.841264 0.045627 0.968122 LYS87-O,ASP91-OD2 LYS87-NZ
8 -23.97 -11.40 -26.40 24391 0.61 -5.515348 0.228304 -5.743652 -5.839982 1.213019 -7.053002 -11.355330 -1.428232 -2.449389 -1.242533 -3.691922 3.499488 2.407445 1.009020 3.416465 0.326678 nan 1.548563 0.858882 0.010496 0.998524 GLU61-OE1,GLU61-OE2,TYR63-OH TYR63-OH
9 -28.28 -6.72 -24.53 24170 0.60 -6.527785 0.073371 -6.601155 -4.893963 1.185165 -6.079128 -11.421748 -1.401024 -2.441628 -1.390473 -3.832101 3.370873 2.343566 0.934588 3.278155 0.331403 nan 1.449855 0.893711 0.000041 0.934547 GLN60-OE1,GLU61-OE1,GLU61-OE2 GLN60-NE2
10 -28.79 -3.99 -25.60 23627 0.59 -3.190936 -0.608832 -2.582104 -6.831775 1.318943 -8.150718 -10.022711 -1.505784 -2.459767 -0.822588 -3.282355 3.501418 2.489482 0.554831 3.044314 0.354679 nan 0.809244 1.680239 0.434672 0.120159 GLY59-O,GLN60-OE1 GLN60-NE2,GLU61-N
11 -29.64 -1.45 -24.04 20862 0.52 -6.562188 -0.113048 -6.449141 -4.029746 1.051776 -5.081522 -10.591935 -1.075779 -2.388865 -1.071160 -3.460025 3.693126 2.122280 0.980970 3.103250 0.177883 nan 1.290289 0.831991 0.000623 0.980347 ASP11-OD1,ASP11-OD2,GLY59-O,GLN60-OE1 GLN60-NE2
12 -27.00 -13.18 -20.35 20455 0.51 -4.997070 0.139626 -5.136696 -5.329587 0.872783 -6.202370 -10.326658 -1.273466 -2.262236 -0.902473 -3.164709 3.257297 2.037888 0.814129 2.852017 0.281056 nan 0.315962 1.721926 0.813053 0.001076 ASP91-OD1 LYS87-NZ
13 -21.43 -13.21 -17.00 19578 0.49 -5.757573 -0.381319 -5.376255 -4.201591 1.180320 -5.381911 -9.959164 -1.489190 -2.356682 -1.539204 -3.895886 2.641741 2.038308 1.132036 3.170344 0.543416 nan 1.137450 0.900858 0.167841 0.964195 GLU90-OE1,GLU90-OE2,GLU90-O,ASP91-OD1 HIS94-N
14 -28.94 -5.74 -21.89 18797 0.47 -2.841851 -0.729999 -2.111851 -7.460341 1.902277 -9.362618 -10.302192 -1.653539 -2.229948 -1.190711 -3.420659 4.061446 3.127893 0.071182 3.199074 0.387349 nan 1.369155 1.758738 0.000000 0.071182 ASP11-OD2 
15 -29.76 1.16 -24.99 18096 0.45 -2.881915 -0.887020 -1.994895 -6.618066 1.615369 -8.233435 -9.499982 -1.602847 -1.684620 -0.610255 -2.294875 3.573221 2.675287 0.204410 2.879697 0.391910 nan 1.126603 1.548685 0.052332 0.152078 ASP11-OD2,PRO33-O,THR34-OG1,GLY59-O,GLN60-OE1 THR34-OG1,GLY59-N,GLN60-NE2
16 -29.55 -9.59 -19.04 17510 0.44 -4.444331 -0.028227 -4.416104 -5.931684 1.168804 -7.100488 -10.376015 -1.424216 -2.115825 -0.788175 -2.904000 3.507995 2.388007 0.672130 3.060137 0.318332 nan 0.660994 1.727013 0.665106 0.007025 ASP91-OD2 LYS87-NZ
17 -30.43 -4.03 -21.91 15649 0.39 -6.220876 0.423974 -6.644850 -4.741075 1.187457 -5.928532 -10.961951 -1.199312 -2.213980 -1.071091 -3.285071 4.143396 2.527510 0.939932 3.467442 0.180267 nan 1.640999 0.886510 0.000000 0.939932 ASP11-OD1,ASP11-OD2 
18 -21.12 -13.36 -22.42 15640 0.39 -3.130564 -0.151201 -2.979362 -6.494955 1.183715 -7.678670 -9.625518 -1.476310 -2.103878 -0.814689 -2.918567 3.652366 2.434783 0.799233 3.234015 0.293670 nan 1.478708 0.956074 0.000000 0.799233 HIS94-ND1 
19 -27.64 -10.33 -26.71 15378 0.38 -6.303809 0.541094 -6.844903 -4.807246 1.051002 -5.858247 -11.111054 -1.065306 -2.179771 -1.059733 -3.239503 4.164131 2.389583 0.996358 3.385941 0.150280 nan 1.540317 0.849265 0.000000 0.996358 GLU61-OE1,GLU61-OE2 
20 -28.99 -4.42 -27.58 14155 0.35 -2.961605 -0.294620 -2.666985 -7.152298 1.258154 -8.410451 -10.113903 -1.455132 -1.609751 -0.671789 -2.281540 3.662875 2.539103 1.033981 3.573084 0.315507 nan 0.940233 1.598870 0.912116 0.121865 GLN60-OE1,GLU61-O GLN60-NE2,GLU61-N
21 -22.64 -14.22 -20.39 13147 0.33 -1.228341 -0.491113 -0.737228 -8.496597 1.711652 -10.208249 -9.724937 -1.474524 -1.894936 -0.586248 -2.481184 4.725184 3.221724 0.002738 3.224462 0.216475 nan 1.495855 1.725869 0.000000 0.002738 HIS94-ND1 
22 -21.40 -5.20 -26.81 12968 0.32 -6.151822 0.151726 -6.303548 -0.283824 -0.105165 -0.178658 -6.435645 -0.088511 -2.144395 -2.109983 -4.254378 0.004318 0.000617 1.324028 1.324645 0.000617 nan 0.000617 0.000000 0.385950 0.938078 GLU62-O,TYR63-OH GLU62-N
23 -25.57 -14.19 -22.60 12390 0.31 -1.932192 -0.408752 -1.523440 -7.828883 1.504278 -9.333161 -9.761074 -1.405200 -1.989477 -0.420624 -2.410100 4.522437 3.009685 0.000000 3.009685 0.212349 nan 1.287490 1.722195 0.000000 0.000000  
24 -14.36 -6.58 -31.53 12234 0.31 -7.591948 0.757027 -8.348975 -3.279236 0.638808 -3.918044 -10.871184 -1.301517 -1.861399 -1.897776 -3.759175 2.314860 1.448014 1.954716 3.402730 0.401259 nan 1.398561 0.049452 0.093755 1.860961 TYR63-O,SER64-O,ASP68-OD1,ASP68-OD2 ARG101-NH1,ARG101-NH2
25 -29.84 1.67 -19.17 11573 0.29 -5.134079 0.133803 -5.267882 -3.837839 0.711398 -4.549237 -8.971918 -0.650154 -2.019652 -1.473617 -3.493269 3.797719 1.285838 0.272012 1.557850 0.011319 nan 0.708805 0.577033 0.038192 0.233820 ASP11-OD1,ASP11-OD2,PRO33-O GLY12-N
