index x y z nwat occupancy Esw EswLJ EswElec Eww EwwLJ EwwElec Etot Ewwnbr TSsw_trans TSsw_orient TStot Nnbrs Nhbww Nhbsw Nhbtot f_hb_ww f_enc Acc_ww Don_ww Acc_sw Don_sw solute_acceptors solute_donors
0 -21.50 0.69 -23.84 39139 0.98 -9.070087 -0.105503 -8.964584 -2.999410 1.093546 -4.092956 -12.069497 -1.669954 -2.931776 -2.131021 -5.062797 2.693068 1.796597 1.094714 2.891310 0.270651 nan 0.988017 0.808580 0.054856 1.039858 GLU36-OE1,GLU36-OE2,ALA58-O ALA58-N,ARG67-NE,ARG67-NH1
1 -21.95 -1.04 -19.99 39082 0.98 -7.884169 -0.298424 -7.585746 -1.643100 0.648827 -2.291928 -9.527270 -2.236401 -3.036164 -2.498778 -5.534943 1.003608 0.948877 2.381685 3.330561 0.944169 nan 0.946446 0.002431 0.474336 1.907349 GLY9-O,THR57-OG1,THR57-O,TYR95-OH GLY9-N
2 -20.34 -1.36 -22.22 38465 0.96 -3.166831 -1.500613 -1.666218 -6.026960 1.785027 -7.811987 -9.193791 -2.211442 -2.818357 -2.265281 -5.083638 2.901521 2.480879 0.004316 2.485194 0.612531 nan 0.600078 1.880801 0.002132 0.002184 THR57-OG1 ARG67-NH1
3 -18.58 -0.76 -24.46 37817 0.95 -6.815434 0.036230 -6.851664 -2.486660 0.398728 -2.885387 -9.302094 -1.204137 -2.819907 -1.458710 -4.278616 1.796785 0.693339 1.624931 2.318270 0.212523 nan 0.020229 0.673110 1.614803 0.010128 MET71-SD ARG67-NE,ARG67-NH1
4 -25.95 -6.75 -18.83 36643 0.92 -7.769770 0.411318 -8.181088 -2.527886 0.421842 -2.949728 -10.297656 -1.190066 -2.751150 -2.140711 -4.891861 1.420708 0.926916 1.938679 2.865595 0.526376 nan 0.073356 0.853560 0.918156 1.020522 ASP91-OD1,ASP91-OD2,TYR95-OH LYS87-NZ,TYR95-OH
5 -29.50 0.97 -22.93 31124 0.78 -7.858309 0.510456 -8.368765 -3.624903 0.875456 -4.500359 -11.483212 -1.694804 -2.757039 -1.920334 -4.677373 2.270916 1.660423 1.713822 3.374245 0.543471 nan 1.555038 0.105385 0.000225 1.713597 ASP11-OD2,PRO33-O,GLY59-O GLY59-N
6 -28.54 -5.82 -24.69 30534 0.76 -7.213321 0.206133 -7.419454 -4.557481 1.239265 -5.796746 -11.770802 -1.407676 -2.532085 -1.536241 -4.068327 3.402469 2.375025 0.973832 3.348857 0.334250 nan 1.489094 0.885930 0.000000 0.973832 GLN60-OE1,GLU61-OE1,GLU61-OE2 
7 -22.78 0.52 -26.31 29713 0.74 -5.519774 -0.243680 -5.276095 -5.138993 1.409311 -6.548304 -10.658768 -1.603111 -2.598851 -1.583091 -4.181942 2.903847 2.043954 1.407498 3.451452 0.404705 nan 1.585299 0.458654 0.002962 1.404537 GLU36-OE1,GLU36-OE2,ALA58-O,GLY59-O,GLN60-OE1,GLN60-O GLN60-NE2,ARG67-NE,ARG67-NH1,ARG67-NH2
8 -24.15 -12.64 -18.59 28213 0.71 -5.943635 0.150238 -6.093874 -5.021209 1.186279 -6.207488 -10.964845 -1.311232 -2.398736 -1.486212 -3.884948 3.264701 2.212030 1.000142 3.212172 0.314040 nan 1.366639 0.845390 0.001489 0.998653 GLU90-OE1,GLU90-OE2,GLU90-O,ASP91-OD1 LYS87-NZ
9 -21.97 -13.29 -17.09 26449 0.66 -5.197972 -0.310763 -4.887209 -4.861416 1.144222 -6.005639 -10.059388 -1.513279 -2.303036 -1.417126 -3.720162 2.817460 2.128247 1.144429 3.272676 0.498242 nan 1.212106 0.916140 0.195017 0.949412 GLU90-OE1,GLU90-OE2,GLU90-O,ASP91-OD1,ASP91-O HIS94-N
10 -24.83 -10.55 -26.82 26649 0.67 -5.670623 0.180264 -5.850888 -5.592345 1.172092 -6.764437 -11.262968 -1.460088 -2.453981 -1.330642 -3.784623 3.378251 2.340125 1.012083 3.352208 0.346692 nan 1.483695 0.856430 0.006905 1.005178 GLU61-OE1,GLU61-OE2,TYR63-OH TYR63-OH
11 -15.23 -6.90 -30.92 25953 0.65 -6.914288 0.120307 -7.034595 -3.599600 0.711903 -4.311503 -10.513888 -1.403883 -2.109156 -1.649287 -3.758443 2.233884 1.474897 1.837899 3.312796 0.445729 nan 1.350634 0.124263 0.049936 1.787963 TYR63-O,SER64-O,ASP68-OD1,ASP68-OD2 SER64-N,ARG101-NH1,ARG101-NH2
12 -28.31 -5.78 -19.58 23851 0.60 -1.706345 -0.931266 -0.775079 -9.135704 2.271131 -11.406834 -10.842049 -1.800896 -2.527040 -1.284079 -3.811120 4.211018 3.421366 0.023689 3.445055 0.444887 nan 1.564756 1.856610 0.023563 0.000126 ASP91-OD2 ASP11-N,LYS87-NZ
13 -29.03 -5.00 -22.16 23429 0.59 -2.437958 -0.760187 -1.677771 -7.732294 1.839678 -9.571972 -10.170252 -1.631547 -2.255915 -1.143906 -3.399821 4.059542 3.074651 0.000299 3.074950 0.369457 nan 1.260276 1.814375 0.000000 0.000299 GLU61-OE2 
14 -29.43 -3.68 -18.86 22963 0.57 -4.612030 -0.313218 -4.298812 -5.174613 1.094671 -6.269284 -9.786643 -1.373547 -2.507956 -1.014051 -3.522007 3.113574 2.140400 1.105387 3.245787 0.367461 nan 0.954187 1.186213 0.586204 0.519183 ASP11-O ASP11-N
15 -28.60 -7.56 -16.87 22917 0.57 -6.953368 0.323498 -7.276866 -3.890766 1.107882 -4.998648 -10.844134 -1.208889 -2.034263 -1.478413 -3.512676 3.271763 1.937208 1.079330 3.016538 0.198368 nan 1.129598 0.807610 0.114937 0.964393 LYS87-O,ASP91-OD2 LYS87-NZ
16 -28.90 -3.25 -26.12 22230 0.56 -2.637141 -0.615285 -2.021856 -7.196899 1.308204 -8.505103 -9.834040 -1.554412 -2.355488 -0.814448 -3.169936 3.463698 2.482186 0.733873 3.216059 0.358210 nan 0.884750 1.597436 0.564013 0.169861 GLY59-O,GLN60-OE1 GLN60-NE2,GLU61-N
17 -20.88 -0.79 -28.09 20290 0.51 -3.993078 -0.380578 -3.612500 -5.069187 1.045272 -6.114459 -9.062265 -1.797226 -2.125906 -1.331333 -3.457238 2.133465 1.603598 1.032035 2.635633 0.570577 nan 1.048743 0.554855 0.136767 0.895269 GLN60-O,GLU62-O GLN60-NE2,GLU62-N,ARG67-NE,ARG67-NH2
18 -29.61 -1.23 -24.80 18221 0.46 -2.955387 -0.768559 -2.186828 -6.997035 1.692554 -8.689588 -9.952422 -1.469602 -2.139470 -0.734378 -2.873848 4.307338 2.844410 0.202349 3.046759 0.215301 nan 1.337303 1.507107 0.000000 0.202349 GLY59-O,GLN60-OE1 
19 -27.68 -12.71 -20.42 17917 0.45 -4.720886 0.115699 -4.836585 -5.545807 0.927320 -6.473127 -10.266693 -1.312425 -2.442182 -0.835396 -3.277578 3.322878 2.133170 0.762125 2.895295 0.288553 nan 0.412011 1.721159 0.757325 0.004800 ASP91-OD1,ASP91-OD2 LYS87-NZ
20 -28.44 -8.59 -27.04 16117 0.40 -6.094665 0.584888 -6.679554 -5.297326 1.092654 -6.389980 -11.391991 -1.149837 -2.158422 -1.132216 -3.290637 4.097413 2.474592 0.990321 3.464913 0.177018 nan 1.617733 0.856859 0.000000 0.990321 GLU61-OE1,GLU61-OE2 
21 -21.89 -13.26 -22.63 14713 0.37 -3.141327 -0.113854 -3.027473 -6.523599 1.178949 -7.702548 -9.664926 -1.504935 -2.068340 -0.840657 -2.908997 3.593149 2.429960 0.816285 3.246245 0.302318 nan 1.498947 0.931013 0.000000 0.816285 HIS94-ND1 
22 -30.26 -2.56 -21.83 13593 0.34 -2.184023 -0.572105 -1.611918 -7.289553 1.413888 -8.703440 -9.473576 -1.323669 -2.000930 -0.393228 -2.394157 4.478482 2.923490 0.032664 2.956154 0.192746 nan 1.317516 1.605974 0.000000 0.032664 ASP11-OD2 
23 -23.25 -14.00 -20.85 12456 0.31 -1.105676 -0.471248 -0.634428 -8.693856 1.748050 -10.441906 -9.799532 -1.529654 -1.918309 -0.550190 -2.468498 4.608141 3.234425 0.025289 3.259714 0.248876 nan 1.532755 1.701670 0.000000 0.025289 HIS94-ND1 
24 -30.02 -8.97 -19.08 11856 0.30 -4.362398 0.020166 -4.382564 -5.930409 1.121631 -7.052040 -10.292807 -1.271123 -1.829890 -0.686966 -2.516856 3.731613 2.359733 0.677041 3.036775 0.235240 nan 0.651569 1.708165 0.675186 0.001856 ASP91-OD2 LYS87-NZ
25 -22.65 -12.05 -25.82 12071 0.30 -1.527568 -0.595143 -0.932425 -8.042052 1.559485 -9.601537 -9.569620 -1.514491 -1.983533 -0.386115 -2.369648 4.193605 2.892055 0.133957 3.026013 0.257891 nan 1.365173 1.526883 0.000083 0.133875 GLU61-OE1,TYR63-OH TYR63-OH
26 -26.92 -13.68 -22.87 11361 0.28 -1.760677 -0.385887 -1.374790 -7.912627 1.510375 -9.423002 -9.673304 -1.410750 -1.989050 -0.413948 -2.402998 4.515800 3.023854 0.000000 3.023854 0.219699 nan 1.302174 1.721679 0.000000 0.000000  
