index x y z nwat occupancy Esw EswLJ EswElec Eww EwwLJ EwwElec Etot Ewwnbr TSsw_trans TSsw_orient TStot Nnbrs Nhbww Nhbsw Nhbtot f_hb_ww f_enc Acc_ww Don_ww Acc_sw Don_sw solute_acceptors solute_donors
0 -26.18 1.27 -19.33 39627 0.99 -9.396501 0.621577 -10.018078 -0.856699 0.192222 -1.048921 -10.253200 -0.362031 -3.016118 -2.225501 -5.241618 1.705580 0.482600 1.874076 2.356676 0.129407 nan 0.012088 0.470513 0.869155 1.004921 GLY9-O,ALA10-O,ASP11-OD1,THR57-O LYS15-NZ
1 -25.79 -6.61 -18.64 38041 0.95 -8.346964 0.481452 -8.828416 -1.965238 0.309479 -2.274717 -10.312202 -0.833620 -2.820815 -2.134714 -4.955529 1.526695 0.901422 1.930522 2.831944 0.406640 nan 0.077495 0.823927 0.895297 1.035225 ASP91-OD1,ASP91-OD2,TYR95-OH LYS87-NZ,TYR95-OH
2 -22.21 -0.93 -19.71 38149 0.95 -7.630287 -0.026403 -7.603884 -0.139724 -0.075917 -0.063807 -7.770011 -0.886911 -3.048483 -2.379221 -5.427704 0.014968 0.003329 2.372539 2.375868 0.003067 nan 0.002988 0.000341 0.440247 1.932292 GLY9-O,THR57-OG1,TYR95-OH GLY9-N,TYR95-OH
3 -28.10 2.77 -20.91 37869 0.95 -7.019429 -0.115539 -6.903890 -4.719686 1.440834 -6.160520 -11.739115 -1.470337 -2.965679 -1.791110 -4.756789 3.264517 1.917928 1.469012 3.386939 0.172278 nan 1.527952 0.389976 0.154770 1.314241 ASP11-OD1,ASP11-OD2,PRO33-O GLY59-N
4 -23.20 0.29 -25.87 37222 0.93 -10.964208 0.673640 -11.637848 0.014393 -0.013823 0.028217 -10.949815 -0.381434 -2.845324 -2.022211 -4.867535 0.966982 0.316077 2.679786 2.995863 0.207082 nan 0.197303 0.118774 0.927006 1.752781 GLU36-OE1,GLU36-OE2,ALA58-O,GLY59-O,GLN60-O,GLU62-OE1,GLU62-OE2 GLU62-N,ARG67-NE,ARG67-NH1,ARG67-NH2
5 -28.36 -5.07 -19.10 29748 0.74 -2.634836 -0.766542 -1.868294 -7.482430 1.416344 -8.898774 -10.117266 -1.606530 -2.598212 -1.125466 -3.723679 3.608209 2.767110 0.663977 3.431088 0.413103 nan 0.986554 1.780557 0.661557 0.002420 ASP11-OD2 ASP11-N,LYS87-NZ
6 -28.49 -7.61 -16.97 29718 0.74 -7.136631 0.216395 -7.353026 -3.964384 1.159628 -5.124012 -11.101015 -1.175943 -2.371914 -1.483753 -3.855668 3.580625 2.028871 1.046706 3.075577 0.140117 nan 1.199542 0.829329 0.087556 0.959149 LYS87-O,ASP91-OD1,ASP91-OD2 LYS87-NZ
7 -23.83 -12.71 -18.33 29080 0.73 -6.265410 0.183479 -6.448890 -5.005061 1.200637 -6.205699 -11.270472 -1.355529 -2.500687 -1.524127 -4.024814 3.223006 2.262689 1.011554 3.274243 0.360763 nan 1.432806 0.829883 0.000757 1.010798 GLU90-OE1,GLU90-OE2,GLU90-O,ASP91-OD1 LYS87-NZ
8 -28.80 -3.52 -25.31 27463 0.69 -3.497440 -0.568566 -2.928874 -6.617928 1.303469 -7.921397 -10.115368 -1.484317 -2.469761 -0.874177 -3.343938 3.353858 2.355351 0.707279 3.062630 0.355569 nan 0.763136 1.592215 0.500492 0.206787 GLY59-O,GLN60-OE1 GLN60-NE2,GLU61-N
9 -24.22 -10.71 -26.50 26237 0.66 -5.451381 0.142767 -5.594148 -5.854883 1.208689 -7.063572 -11.306264 -1.459479 -2.451450 -1.275993 -3.727443 3.424820 2.378854 1.021878 3.400732 0.345238 nan 1.519229 0.859626 0.005374 1.016503 GLU61-OE1,GLU61-OE2,TYR63-OH TYR63-OH
10 -15.00 -6.87 -30.62 26205 0.66 -6.596356 0.084271 -6.680628 -3.691035 0.727991 -4.419027 -10.287391 -1.302520 -2.229501 -1.407630 -3.637132 2.433925 1.544247 1.731044 3.275291 0.386148 nan 1.271399 0.272849 0.057241 1.673803 TYR63-O,SER64-O,ASP68-OD1,ASP68-OD2 SER64-N,ARG101-NH1,ARG101-NH2
11 -28.32 -6.26 -24.42 24011 0.60 -6.533474 0.120563 -6.654037 -4.911681 1.227350 -6.139031 -11.445155 -1.389586 -2.520095 -1.412193 -3.932288 3.408979 2.365916 0.937945 3.303861 0.326059 nan 1.455041 0.910874 0.000000 0.937945 GLN60-OE1,GLU61-OE1,GLU61-OE2 
12 -29.28 1.09 -23.00 21796 0.54 -4.440137 -0.453503 -3.986634 -5.351633 1.020777 -6.372410 -9.791770 -1.235102 -2.268446 -0.964900 -3.233346 3.271885 1.782758 0.988576 2.771334 0.168104 nan 0.914388 0.868370 0.003166 0.985410 ASP11-OD1,ASP11-OD2,PRO33-O,GLY59-O,GLN60-OE1 GLY59-N,GLN60-NE2
13 -21.69 -13.18 -16.89 20203 0.51 -5.991103 -0.315257 -5.675846 -4.084272 1.154477 -5.238748 -10.075375 -1.444018 -2.364261 -1.500188 -3.864449 2.717022 2.071871 1.200564 3.272435 0.517695 nan 1.180864 0.891006 0.227986 0.972578 GLU90-OE1,GLU90-OE2,GLU90-O,ASP91-OD1,ASP91-O HIS94-N
14 -29.65 -1.25 -23.90 19657 0.49 -6.455280 -0.055836 -6.399444 -4.200578 1.095550 -5.296129 -10.655858 -1.132593 -2.276535 -1.071798 -3.348333 3.514982 2.103424 1.001374 3.104797 0.214834 nan 1.272320 0.831103 0.003765 0.997609 ASP11-OD1,ASP11-OD2,GLY59-O,GLN60-OE1 GLN60-NE2
15 -28.97 -5.27 -21.85 17951 0.45 -3.031083 -0.737273 -2.293809 -7.170092 1.847699 -9.017790 -10.201174 -1.612287 -2.259072 -1.135498 -3.394569 4.064119 3.057323 0.087962 3.145284 0.356805 nan 1.332182 1.725141 0.000000 0.087962 ASP11-OD2,GLU61-OE1 
16 -27.16 -12.85 -20.34 17119 0.43 -4.670037 0.066960 -4.736997 -5.512120 0.947869 -6.459988 -10.182157 -1.281444 -2.054380 -0.772118 -2.826498 3.428471 2.185642 0.706174 2.891816 0.281442 nan 0.474210 1.711432 0.696653 0.009522 ASP91-OD1 LYS87-NZ
17 -21.48 -13.07 -22.38 14856 0.37 -3.169600 -0.178253 -2.991347 -6.426472 1.171752 -7.598224 -9.596072 -1.484773 -2.031692 -0.846570 -2.878262 3.600498 2.402531 0.794157 3.196688 0.294763 nan 1.453016 0.949515 0.000000 0.794157 HIS94-ND1 
18 -30.25 -3.86 -21.68 14423 0.36 -6.211715 0.340480 -6.552195 -4.622814 1.200031 -5.822845 -10.834529 -1.185636 -2.211272 -0.990103 -3.201375 4.182556 2.519309 0.914789 3.434098 0.174582 nan 1.619705 0.899605 0.000000 0.914789 ASP11-OD1,ASP11-OD2,GLN60-OE1 
19 -27.87 -9.37 -26.82 14284 0.36 -6.111456 0.567624 -6.679080 -5.070161 1.083685 -6.153846 -11.181617 -1.111561 -2.195283 -1.024727 -3.220010 4.127975 2.426141 0.979278 3.405419 0.164800 nan 1.574349 0.851792 0.000000 0.979278 GLU61-OE1,GLU61-OE2 
20 -29.79 -9.23 -19.22 13656 0.34 -4.324074 -0.047926 -4.276148 -6.038932 1.215209 -7.254142 -10.363006 -1.419883 -1.783863 -0.694130 -2.477993 3.606620 2.419449 0.612185 3.031634 0.301113 nan 0.699107 1.720343 0.610721 0.001465 ASP91-OD2 LYS87-NZ
21 -22.77 -14.07 -20.50 13361 0.33 -1.296202 -0.478373 -0.817830 -8.448709 1.696776 -10.145484 -9.744911 -1.498810 -1.962924 -0.593212 -2.556137 4.671581 3.229549 0.004640 3.234189 0.229549 nan 1.520320 1.709228 0.000000 0.004640 HIS94-ND1 
22 -27.99 -10.39 -18.58 13331 0.33 -11.804369 0.599616 -12.403985 0.683906 0.636007 0.047899 -11.120463 -0.560595 -1.746156 -1.535985 -3.282141 3.130148 1.596579 1.426750 3.023329 0.142675 nan 0.817343 0.779236 0.286850 1.139899 ASP91-OD1,ASP91-OD2 LYS87-NZ
23 -29.17 -3.98 -27.31 12289 0.31 -2.978849 -0.270839 -2.708010 -7.211222 1.257778 -8.469000 -10.190071 -1.417100 -1.492251 -0.622031 -2.114282 3.667670 2.504842 1.059891 3.564733 0.298885 nan 0.984132 1.520710 0.861828 0.198063 GLN60-OE1 GLN60-NE2,GLU61-N
24 -21.88 -11.94 -25.30 12214 0.31 -1.470169 -0.601709 -0.868460 -8.012960 1.546416 -9.559376 -9.483129 -1.507477 -1.934245 -0.349764 -2.284009 4.148027 2.839037 0.180858 3.019895 0.259374 nan 1.362453 1.476584 0.000000 0.180858 GLU61-OE1,GLU61-OE2,TYR63-OH,HIS94-ND1 
25 -26.07 -13.85 -22.68 11700 0.29 -1.842723 -0.401358 -1.441364 -7.844397 1.504572 -9.348969 -9.687120 -1.406059 -1.900716 -0.424597 -2.325313 4.519145 3.025983 0.000000 3.025983 0.217692 nan 1.308291 1.717692 0.000000 0.000000  
