index x y z nwat occupancy Esw EswLJ EswElec Eww EwwLJ EwwElec Etot Ewwnbr TSsw_trans TSsw_orient TStot Nnbrs Nhbww Nhbsw Nhbtot f_hb_ww f_enc Acc_ww Don_ww Acc_sw Don_sw solute_acceptors solute_donors
0 -26.42 1.19 -19.31 38372 0.96 -10.044899 0.723243 -10.768142 -0.397620 0.132312 -0.529932 -10.442519 -0.057636 -2.810474 -1.896681 -4.707156 1.815803 0.438471 1.897946 2.336417 0.120348 nan 0.094548 0.343923 0.919342 0.978604 ALA10-O,ASP11-OD1,PRO33-O,THR57-O LYS15-NZ
1 -25.85 -6.80 -18.78 36924 0.92 -8.476360 0.320552 -8.796912 -1.765332 0.302153 -2.067485 -10.241692 -0.920996 -2.723423 -1.969480 -4.692903 1.515735 0.924494 1.930560 2.855054 0.463113 nan 0.132190 0.792303 0.873659 1.056901 ASP91-OD1,ASP91-OD2,TYR95-OH LYS87-NZ,TYR95-OH
2 -21.92 0.83 -23.82 35949 0.90 -9.286809 -0.196616 -9.090193 -2.050707 0.780065 -2.830772 -11.337516 -1.543929 -2.702240 -1.944250 -4.646490 2.242844 1.590030 1.137445 2.727475 0.468052 nan 0.873821 0.716209 0.050599 1.086845 GLU36-OE1,GLU36-OE2,THR57-OG1,ALA58-O ALA58-N,ARG67-NH1,ARG67-NH2
3 -28.16 1.74 -21.95 34680 0.87 -10.039286 0.606385 -10.645672 -0.811361 0.232243 -1.043604 -10.850647 -0.490563 -2.878833 -1.856201 -4.735034 2.214446 0.638754 2.426298 3.065052 0.110928 nan 0.471251 0.167503 0.747607 1.678691 ASP11-OD1,ASP11-OD2,PRO33-O,GLY59-O GLY59-N
4 -22.12 -0.99 -19.88 34025 0.85 -7.221042 -0.464449 -6.756593 -1.893422 0.561054 -2.454476 -9.114464 -2.068213 -2.813343 -2.118130 -4.931473 1.025305 0.920705 2.253608 3.174313 0.839353 nan 0.849082 0.071624 0.465746 1.787862 GLY9-O,THR57-OG1,THR57-O,TYR95-OH GLY9-N,TYR95-OH
5 -23.26 0.10 -26.31 32698 0.82 -6.326061 -0.427001 -5.899060 -3.569423 0.863913 -4.433336 -9.895484 -1.244938 -2.532578 -1.305942 -3.838520 2.719861 1.694477 1.386017 3.080494 0.307205 nan 1.130620 0.563857 0.189400 1.196618 GLU36-OE2,ALA58-O,GLY59-O,GLN60-O GLU62-N,ARG67-NE,ARG67-NH1,ARG67-NH2
6 -20.53 -1.28 -22.11 30085 0.75 -3.017282 -1.416372 -1.600910 -5.531834 1.447974 -6.979807 -8.549116 -2.195095 -2.554973 -1.823376 -4.378349 2.542064 2.220774 0.045205 2.265980 0.708260 nan 0.489280 1.731494 0.016487 0.028719 THR57-OG1 ARG67-NH1
7 -28.48 -5.13 -19.02 30358 0.76 -2.765518 -0.669845 -2.095673 -7.190537 1.320922 -8.511459 -9.956056 -1.511919 -2.584181 -0.994205 -3.578386 3.642631 2.662890 0.787865 3.450754 0.361585 nan 0.914355 1.748534 0.777620 0.010244 ASP11-OD2 ASP11-N,LYS87-NZ
8 -15.07 -6.45 -30.89 28162 0.70 -5.085933 -0.388743 -4.697189 -4.636861 0.856463 -5.493324 -9.722794 -1.508857 -2.261709 -1.210168 -3.471877 2.386123 1.722640 1.131880 2.854520 0.495561 nan 1.062886 0.659754 0.030111 1.101768 SER64-O,ASP68-OD1,ASP68-OD2 SER64-N,ARG101-NH1,ARG101-NH2
9 -28.15 -6.80 -24.83 25869 0.65 -6.371417 0.119245 -6.490661 -5.103715 1.194616 -6.298331 -11.475131 -1.439844 -2.504080 -1.430922 -3.935003 3.418764 2.373613 0.966794 3.340407 0.335150 nan 1.503460 0.870153 0.000966 0.965828 GLN60-OE1,GLU61-OE1,GLU61-OE2 GLN60-NE2
10 -28.60 -7.68 -16.93 25989 0.65 -6.363998 0.260785 -6.624783 -4.656601 1.183514 -5.840115 -11.020599 -1.244983 -2.132780 -1.431200 -3.563980 3.670014 2.130594 1.058794 3.189388 0.156605 nan 1.307746 0.822848 0.099965 0.958829 LYS87-O,ASP91-OD2 LYS87-NZ
11 -23.39 -10.76 -26.64 25843 0.65 -5.669500 0.142411 -5.811910 -5.697357 1.183423 -6.880781 -11.366857 -1.502254 -2.463186 -1.302273 -3.765459 3.267384 2.322021 1.020354 3.342375 0.383469 nan 1.474055 0.847967 0.010061 1.010293 GLU61-OE1,GLU61-OE2,TYR63-OH TYR63-OH
12 -28.81 -4.00 -25.42 25018 0.63 -3.933384 -0.420869 -3.512515 -6.112071 1.073307 -7.185377 -10.045455 -1.430204 -2.394108 -0.872778 -3.266886 3.226997 2.179431 0.942002 3.121433 0.336078 nan 0.672596 1.506835 0.665401 0.276601 GLN60-OE1 GLN60-NE2,GLU61-N
13 -23.94 -12.70 -18.55 24760 0.62 -6.199305 0.170511 -6.369816 -4.718093 1.191232 -5.909325 -10.917398 -1.282786 -2.321887 -1.453045 -3.774933 3.235501 2.179564 1.010945 3.190509 0.314661 nan 1.346405 0.833158 0.000808 1.010137 GLU90-OE1,GLU90-OE2,GLU90-O,ASP91-OD1,ASP91-OD2,HIS93-ND1 LYS87-NZ
14 -29.62 -1.06 -23.70 23948 0.60 -7.264698 -0.175287 -7.089411 -3.133787 0.888576 -4.022363 -10.398485 -1.038340 -2.527536 -1.122492 -3.650028 3.170411 1.882955 1.020795 2.903750 0.241440 nan 1.070862 0.812093 0.004677 1.016118 ASP11-OD1,ASP11-OD2,GLY59-O,GLN60-OE1 GLN60-NE2
15 -21.76 -13.23 -17.11 22980 0.57 -5.066773 -0.382105 -4.684668 -4.823973 1.179650 -6.003623 -9.890746 -1.489071 -2.189056 -1.342270 -3.531326 2.857354 2.103133 1.115013 3.218146 0.461662 nan 1.192211 0.910923 0.190644 0.924369 GLU90-OE1,GLU90-OE2,GLU90-O,ASP91-OD1,ASP91-O,HIS93-ND1 HIS94-N
16 -18.74 -0.67 -24.28 22791 0.57 -6.239204 0.122545 -6.361749 -2.961889 0.465698 -3.427587 -9.201093 -1.330645 -2.126566 -1.261389 -3.387956 1.659953 0.828880 1.434426 2.263306 0.376596 nan 0.084200 0.744680 1.398403 0.036023 MET71-SD ARG67-NE,ARG67-NH1,ARG67-NH2
17 -20.67 -0.83 -27.55 21942 0.55 -5.832354 -0.110906 -5.721448 -3.758816 0.742876 -4.501692 -9.591170 -1.464387 -1.999886 -1.445523 -3.445409 2.095707 1.443168 1.218029 2.661198 0.478944 nan 0.922113 0.521056 0.318841 0.899189 GLN60-O,GLU62-O GLU62-N,ARG67-NE,ARG67-NH1,ARG67-NH2
18 -29.80 1.96 -19.14 18177 0.45 -4.231963 -0.244580 -3.987383 -4.792627 0.874560 -5.667187 -9.024590 -0.992285 -2.295155 -1.514100 -3.809255 4.249546 1.407438 0.100677 1.508115 0.009352 nan 0.520933 0.886505 0.029323 0.071354 ASP11-OD1,ASP11-OD2,PRO33-O GLY12-N
19 -30.16 -4.25 -21.47 17237 0.43 -6.253459 0.332618 -6.586076 -4.659773 1.232222 -5.891995 -10.913232 -1.209011 -2.211190 -1.028867 -3.240057 4.193653 2.541974 0.915879 3.457852 0.181702 nan 1.625225 0.916749 0.000058 0.915821 ASP11-OD1,ASP11-OD2 GLN60-NE2
20 -28.71 -5.80 -22.16 16951 0.42 -2.256104 -0.824446 -1.431658 -7.576733 1.735579 -9.312311 -9.832837 -1.596664 -2.144107 -0.987190 -3.131297 4.046251 2.986431 0.005899 2.992331 0.336086 nan 1.198690 1.787741 0.000000 0.005899 ASP11-OD2 
21 -27.29 -9.42 -27.32 15720 0.39 -5.815326 0.549061 -6.364387 -5.504114 1.133050 -6.637164 -11.319441 -1.204957 -2.197104 -1.113461 -3.310564 4.062087 2.502036 0.983142 3.485178 0.198791 nan 1.636514 0.865522 0.000000 0.983142 GLU61-OE1,GLU61-OE2 
22 -21.19 -13.33 -22.57 15662 0.39 -3.203027 -0.161785 -3.041242 -6.406272 1.183976 -7.590248 -9.609299 -1.476545 -2.075404 -0.811632 -2.887036 3.594943 2.413038 0.792364 3.205402 0.299579 nan 1.464947 0.948091 0.000000 0.792364 HIS94-ND1 
23 -27.31 -12.89 -20.24 15405 0.39 -4.586119 0.046122 -4.632241 -5.449329 0.931514 -6.380843 -10.035448 -1.281847 -2.427123 -0.700602 -3.127724 3.433561 2.170919 0.698669 2.869588 0.268030 nan 0.486465 1.684453 0.668809 0.029860 ASP91-OD1,ASP91-OD2 LYS87-NZ
24 -28.15 -12.74 -20.57 12768 0.32 -4.169574 0.108534 -4.278108 -5.960683 1.023096 -6.983778 -10.130257 -1.316286 -2.269097 -0.651869 -2.920967 3.497807 2.265821 0.674812 2.940633 0.281642 nan 0.532581 1.733239 0.674812 0.000000  LYS87-NZ
25 -22.76 -14.22 -20.53 11393 0.28 -1.279800 -0.455469 -0.824332 -8.331827 1.630383 -9.962210 -9.611627 -1.448509 -1.797786 -0.491015 -2.288801 4.718424 3.186518 0.001229 3.187747 0.211884 nan 1.476696 1.709822 0.000000 0.001229 ASP91-OD1,HIS94-ND1 
