index x y z nwat occupancy Esw EswLJ EswElec Eww EwwLJ EwwElec Etot Ewwnbr TSsw_trans TSsw_orient TStot Nnbrs Nhbww Nhbsw Nhbtot f_hb_ww f_enc Acc_ww Don_ww Acc_sw Don_sw solute_acceptors solute_donors
0 -26.15 1.18 -19.44 38347 0.96 -10.107299 0.786520 -10.893819 0.066845 -0.059591 0.126436 -10.040455 -0.313021 -2.870544 -1.813489 -4.684033 1.276554 0.322815 2.004355 2.327170 0.151720 nan 0.081962 0.240853 0.911153 1.093202 GLY9-O,ALA10-O,ASP11-OD1,PRO33-O,THR57-O LYS15-NZ
1 -25.97 -6.83 -18.84 38106 0.95 -8.224603 0.319547 -8.544151 -2.199766 0.369105 -2.568871 -10.424370 -1.203496 -2.764757 -2.056083 -4.820840 1.379100 0.935968 1.925786 2.861754 0.575028 nan 0.081063 0.854905 0.899333 1.026453 ASP91-OD1,ASP91-OD2,TYR95-OH LYS87-NZ,TYR95-OH
2 -28.12 1.52 -22.68 36998 0.92 -9.756727 0.302445 -10.059172 -0.479860 0.280066 -0.759926 -10.236587 -1.029248 -2.889113 -2.053647 -4.942761 1.514947 0.790340 2.017623 2.807963 0.433726 nan 0.706633 0.083707 0.083707 1.933915 ASP11-OD1,ASP11-OD2,PRO33-O,GLY59-O THR34-OG1,GLY59-N
3 -20.54 -1.67 -21.98 31570 0.79 -4.230452 -1.445139 -2.785313 -3.239649 0.935032 -4.174681 -7.470101 -2.172134 -2.453933 -1.208206 -3.662139 1.579918 1.428160 0.191891 1.620051 0.855622 nan 0.078809 1.349351 0.175135 0.016756 THR57-OG1 ARG67-NH1
4 -22.42 -0.98 -20.04 30350 0.76 -7.223524 -0.578932 -6.644592 -2.214242 0.592382 -2.806624 -9.437766 -2.048882 -2.920877 -2.139958 -5.060835 1.102834 0.948863 2.004843 2.953707 0.843756 nan 0.920231 0.028633 0.183855 1.820988 GLY9-O,THR57-OG1,THR57-O,TYR95-OH GLY9-N,TYR95-OH
5 -27.95 -7.15 -25.20 25909 0.65 -6.541346 0.147558 -6.688903 -4.954086 1.151176 -6.105262 -11.495432 -1.396540 -2.419969 -1.402099 -3.822069 3.422903 2.358254 0.971902 3.330156 0.318808 nan 1.510479 0.847775 0.000000 0.971902 GLN60-OE1,GLU61-OE1,GLU61-OE2 
6 -28.87 -7.57 -17.00 25133 0.63 -6.810747 0.387630 -7.198377 -4.267698 1.060533 -5.328232 -11.078446 -1.269317 -2.119421 -1.422677 -3.542098 3.460868 2.056499 1.176222 3.232722 0.198146 nan 1.236422 0.820077 0.214380 0.961843 LYS87-O,ASP91-OD2 LYS87-NZ
7 -14.45 -6.45 -31.28 24780 0.62 -7.327388 0.594359 -7.921747 -3.661474 0.681543 -4.343017 -10.988861 -1.233325 -2.230291 -1.992845 -4.223137 2.598628 1.581921 1.914366 3.496287 0.341566 nan 1.514286 0.067635 0.030387 1.883979 TYR63-O,SER64-O,ASP68-OD1,ASP68-OD2 SER64-N,ARG101-NH1,ARG101-NH2
8 -24.32 -12.89 -18.09 23091 0.58 -5.714514 0.176401 -5.890916 -5.288529 1.115943 -6.404471 -11.003043 -1.307746 -2.399220 -1.346262 -3.745482 3.323806 2.215842 1.042744 3.258586 0.303668 nan 1.449959 0.765883 0.000606 1.042138 GLU90-OE1,GLU90-OE2,GLU90-O,ASP91-OD1 LYS87-NZ
9 -28.75 -4.94 -19.20 22937 0.57 -2.678177 -0.638560 -2.039617 -7.107348 1.307195 -8.414543 -9.785525 -1.509872 -2.534636 -0.910128 -3.444764 3.589746 2.633213 0.742469 3.375681 0.369447 nan 0.920216 1.712996 0.713302 0.029167 ASP11-OD2,ASP11-O ASP11-N,LYS87-NZ
10 -22.83 -11.36 -26.06 22239 0.56 -5.989038 0.282233 -6.271270 -5.451431 1.141243 -6.592675 -11.440469 -1.434693 -2.396526 -1.136100 -3.532626 3.277216 2.277980 1.030937 3.308917 0.360043 nan 1.434642 0.843338 0.040020 0.990917 GLU61-OE1,GLU61-OE2,TYR63-OH TYR63-OH
11 -21.75 -13.04 -16.93 22503 0.56 -6.011873 -0.425278 -5.586595 -3.691803 0.955783 -4.647587 -9.703676 -1.374930 -2.295029 -1.423650 -3.718679 2.639426 1.905035 1.247167 3.152202 0.466427 nan 1.007866 0.897169 0.344665 0.902502 GLU90-OE1,GLU90-OE2,GLU90-O,ASP91-OD1,ASP91-O,HIS93-ND1 HIS93-N,HIS94-N
12 -28.35 -4.44 -26.81 22065 0.55 -3.297510 -0.434312 -2.863199 -6.673375 1.145053 -7.818428 -9.970885 -1.450463 -2.369811 -0.754027 -3.123838 3.395876 2.363517 0.917471 3.280988 0.346975 nan 0.725176 1.638341 0.801586 0.115885 GLN60-OE1,GLU61-OE1,GLU61-OE2 GLN60-NE2,GLU61-N
13 -29.36 1.22 -25.26 21467 0.54 -2.484110 -0.904654 -1.579457 -7.299747 1.712682 -9.012429 -9.783857 -1.754536 -1.974239 -0.926133 -2.900372 3.650300 2.804211 0.129641 2.933852 0.410630 nan 1.212046 1.592165 0.019285 0.110355 ASP11-OD2,PRO33-O,THR34-OG1,GLY59-O,GLN60-OE1 THR34-OG1,GLN60-NE2
14 -28.74 -5.97 -22.82 18144 0.45 -2.224279 -0.773179 -1.451100 -7.635077 1.689808 -9.324885 -9.859355 -1.594178 -2.140929 -0.933024 -3.073954 4.012511 2.959932 0.007551 2.967482 0.339286 nan 1.180776 1.779156 0.000000 0.007551 ASP11-OD2,GLU61-OE1,GLU61-OE2 
15 -21.19 0.39 -23.72 17541 0.44 -9.371065 -0.087718 -9.283346 -1.341875 0.646463 -1.988338 -10.712939 -1.568956 -1.969210 -1.779381 -3.748591 1.534177 1.122741 1.583547 2.706288 0.635255 nan 0.932387 0.190354 0.068924 1.514623 GLU36-OE1,GLU36-OE2,ALA58-O,TYR70-OH ALA58-N,ARG67-NE,ARG67-NH1,ARG67-NH2
16 -29.76 -1.26 -24.02 16830 0.42 -6.588452 0.037932 -6.626384 -3.916918 1.079308 -4.996226 -10.505370 -1.021672 -2.238370 -0.989533 -3.227903 3.918063 2.148010 0.966607 3.114617 0.141830 nan 1.307962 0.840048 0.000951 0.965657 ASP11-OD1,ASP11-OD2,GLY59-O,GLN60-OE1 GLN60-NE2
17 -30.34 -3.91 -21.75 16801 0.42 -6.325291 0.380461 -6.705753 -4.592959 1.147929 -5.740888 -10.918251 -1.182410 -2.084933 -1.008644 -3.093577 4.183858 2.513184 0.924409 3.437593 0.170466 nan 1.603893 0.909291 0.000000 0.924409 ASP11-OD1,ASP11-OD2 
18 -28.27 -6.48 -20.23 16956 0.42 -1.550952 -0.879374 -0.671578 -8.939379 2.166552 -11.105931 -10.490331 -1.714139 -2.156739 -1.048728 -3.205467 4.268165 3.371255 0.003008 3.374263 0.398561 nan 1.547712 1.823543 0.001710 0.001297 ASP11-OD2,ASP91-OD2 LYS87-NZ
19 -21.34 -13.53 -22.32 15501 0.39 -3.170637 -0.137224 -3.033413 -6.452561 1.149739 -7.602300 -9.623198 -1.504720 -2.092965 -0.845656 -2.938621 3.572350 2.393523 0.806206 3.199729 0.302497 nan 1.455648 0.937875 0.000065 0.806142 HIS94-ND1 HIS93-NE2
20 -27.25 -12.73 -19.69 15447 0.39 -5.517091 0.008255 -5.525347 -4.353272 0.939235 -5.292507 -9.870363 -1.094213 -2.061730 -0.665473 -2.727203 3.622645 2.146242 0.678060 2.824302 0.208778 nan 0.727779 1.418463 0.363048 0.315013 GLU90-OE1,ASP91-OD1,ASP91-OD2 LYS87-NZ
21 -27.00 -10.19 -27.16 14606 0.37 -5.899034 0.500901 -6.399935 -5.310028 1.091976 -6.402004 -11.209063 -1.165967 -2.177170 -1.079400 -3.256570 4.097220 2.460906 0.987539 3.448446 0.178351 nan 1.593729 0.867178 0.000000 0.987539 GLU61-OE1,GLU61-OE2 
22 -29.38 -2.55 -25.47 12514 0.31 -2.823414 -0.725368 -2.098047 -6.937388 1.562016 -8.499404 -9.760803 -1.449468 -2.063140 -0.537425 -2.600566 3.897954 2.697379 0.166933 2.864312 0.289596 nan 1.149113 1.548266 0.001758 0.165175 ASP11-OD2,GLY59-O,GLN60-OE1 GLN60-NE2,GLU61-N
